0.783099
0.874569
0.779166
0.354283
0.220187
0.189967
0.139185
0.231294
0.222540
0.447666
0.271496
0.342036
0.401834
0.544835
0.518352
0.362119
0.390341
0.593742
0.348591
0.478829
0.571051
0.663702
0.463015
0.055282
-0.015170
-0.215350
-0.215350
-0.176865
-0.052960
-0.285249
-0.118630
0.068005
0.307723
0.307723
0.391163
0.223147
0.417621
0.282190
0.190623
0.056337
0.122873
0.198439
0.434172
0.419914
0.395373
0.569215
0.320831
0.370071
0.237017
0.228492
0.130970
-0.027752
-0.257320
-0.159328
-0.166950
-0.103371
0.016848
-0.170061
-0.123456
0.014428
-0.070751
0.171431
0.335126
0.179227
0.408545
0.540981
0.351553
0.293469
0.293469
0.304159
0.444593
0.483910
0.889391
0.630118
0.656276
0.749269
0.822214
0.542364
0.566063
0.782305
0.594370
0.751439
0.830040
0.742310
0.786889
0.916550
1.064005
1.116195
0.949672
0.949672
1.031879
0.842020
0.914820
1.015276
1.058176
1.060050
0.859116
0.962528
0.814016
0.627351
0.850813
0.681225
0.662149
0.869760
0.926873
0.873746
0.842038
0.714073
0.747155
0.514513
0.671465
0.599657
0.448386
0.643057
0.742414
0.944507
1.070747
1.225432
1.270987
1.071714
0.943789
0.988348
0.631235
0.497306
0.262891
-0.059373
0.159484
-0.042176
0.130461
0.226693
0.423641
0.362640
-0.241255
-0.074046
-0.460670
-0.089390
-0.109356
-0.356435
-0.510620
-0.538571
-0.462028
-0.664868
-0.032036
0.107159
0.087904
0.316758
0.385661
0.139946
0.071809
-0.128548
0.021964
-0.135022
-0.194666
-0.608408
-0.486723
-0.547323
-0.703233
0.368552
0.589173
0.472383
0.361386
0.340520
0.383788
0.391213
0.468093
0.710582
0.655416
0.566641
0.686729
0.703585
0.503399
0.415277
0.558875
0.453516
0.595588
0.712407
-0.415851
-0.265786
-0.157686
-0.037461
-0.099974
-0.239635
-0.125487
0.109118
-0.056294
0.010467
-0.059076
-0.040048
0.033372
0.151823
0.284285
0.230834
0.023029
0.237029
0.332902
0.346315
0.591056
0.669549
0.426624
0.399242
0.822624
0.600329
0.737659
0.505917
0.420587
0.180941
0.212522
0.399070
0.507827
0.582938
0.799526
0.761913
0.760836
0.641778
0.435076
0.559691
-0.979404
-0.600602
-0.743069
-0.520721
-0.357773
-0.363548
-0.585757
-0.708541
-0.578655
-0.746148
-0.706124
-0.842718
-0.698423
-0.627829
-0.549779
-0.750350
-0.768991
-0.788667
-0.751560
-0.940316
-1.149918
-1.293596
-1.408976
-1.291402
-1.075733
-0.584930
-0.462902
-0.446578
-0.349851
-0.260676
-0.199569
-0.107652
-0.282711
-0.192626
-0.032062
-0.148020
-0.290621
-0.480932
-0.249719
-0.170959
-0.207108
-0.303140
-0.463983
-0.580180
-0.701888
-0.617654
-0.543570
-0.378786
-0.338803
-0.129062
-0.283812
-0.104072
-0.118910
0.047203
-0.127748
-0.172742
-0.363679
-0.121216
0.082839
-0.087868
0.075660
-0.015244
0.200263
0.200263
0.027224
-0.139835
-0.162114
-0.188553
-0.015488
0.180873
0.184650
0.308925
0.549915
0.431724
0.283513
0.485782
0.500659
0.424302
0.402887
0.370962
0.540896
0.438550
0.206057
0.022336
0.276114
0.480956
0.303056
0.077426
-0.063925
-0.080160
0.034159
-0.158733
-0.133081
0.080730
-0.003179
0.189093
-0.013310
0.180058
0.301509
0.416973
0.416973
0.565367
0.654222
0.654222
0.462720
0.499258
0.250570
0.093252
0.045022
-0.004710
-0.216897
-0.201912
-0.401774
-0.198711
-0.376470
-0.378586
-0.314977
-0.334124
-0.515083
-0.665114
-0.626837
-0.826483
-0.846328
-0.846328
-0.896797
-0.847010
-0.687653
-0.614899
-0.591775
-0.460689
-0.616346
-0.641836
-0.616589
-0.806172
-0.958126
-0.736300
-0.939406
-1.013497
-1.098279
-1.139305
-1.380027
-1.380027
-1.380027
-1.251895
-1.301233
-1.359212
-1.221025
-1.268066
-1.146172
-1.146172
-0.972411
-0.866150
-1.114421
-1.116717
-1.092086
-1.310390
-1.094952
-1.142408
-1.333773
-1.198149
-1.108255
-1.303951
0.574729
0.345367
0.229543
-0.186835
-0.326206
-0.375565
-0.252528
-0.408152
-0.408152
-0.537684
-0.583077
-0.709362
-0.862995
-0.774168
-0.933725
-1.160192
-0.996339
-0.192612
-0.220423
-0.010376
-0.012728
-0.112590
-0.218112
-0.205081
-0.002533
-0.176327
-0.109155
-0.295865
-0.539714
-0.724846
-0.682785
-0.901752
-1.100535
-0.964746
-1.061062
-0.890858
-0.750364
-0.547691
-0.552245
-0.361878
-0.138614
-0.089226
-0.066141
-0.247204
-0.234173
-0.115367
-0.008250
-0.188909
-0.345433
-0.250679
-0.296472
-0.397982
-0.312681
-0.433008
-0.366141
-0.337401
-0.500787
-0.670220
-0.479415
-0.590478
-0.557169
-0.548241
-0.390660
-0.591901
-0.558500
-0.560285
-0.651813
-0.819504
-0.994984
-0.876349
-0.754154
-0.636883
-0.768638
-0.683679
-0.651084
-0.593655
-0.397025
-0.615159
-0.505744
-0.739198
-0.562758
-0.411431
-0.331331
-0.662253
-0.757263
-0.577419
-0.348029
-0.629938
-0.098823
-0.022277
-0.232074
-0.031626
0.060100
-0.139373
0.057582
0.250319
0.212999
-0.065349
0.062498
0.202795
-0.061023
0.400249
0.538939
0.655598
0.698844
0.778475
0.742361
-0.044875
-0.306111
0.016875
-0.150922
-0.334104
-0.249515
-0.203933
0.013309
-0.028928
0.019312
0.218621
0.218621
0.211249
0.272255
0.439329
0.669763
0.463828
0.416700
0.541118
0.373299
0.127738
0.139373
0.369707
0.202674
0.143009
0.321589
0.220004
-0.018911
-0.018911
-0.088351
-0.156004
-0.107196
-0.330429
-1.366385
-1.632386
-1.688170
-1.688170
-1.527151
-1.527151
-1.811426
-2.098307
-1.929580
-2.162337
-2.085443
-2.032625
-1.866963
-1.853738
-1.981600
-1.961825
-1.794152
-1.603392
-1.603392
-1.843218
-2.023949
-1.973711
-1.931453
-1.311517
-1.230757
-1.345130
-0.589860
-1.088683
-0.480807
-0.480807
-0.730424
-0.851712
-0.899997
-0.687057
-0.862613
-0.744682
-0.824722
-0.935915
-0.883588
-0.776205
-0.759193
-0.958302
-0.714111
-0.688404
-0.438589
-0.661782
-0.644358
-0.642187
-0.740887
-0.669626
-0.766110
-0.777138
-0.984902
-0.928826
-0.386357
-0.392991
-0.221335
-0.210543
-0.215253
-0.369498
-0.260522
-0.383912
-0.163952
-0.114393
-0.003495
0.069562
0.020348
0.005186
-0.239310
-0.286878
-0.268757
-0.513436
-0.735447
-0.967110
-0.967110
-1.131641
-0.881891
-1.047421
-1.231594
-1.344386
-1.526533
-1.727672
-1.765175
-1.765175
-1.458943
-1.802024
-1.829257
-1.856741
-1.856741
-0.014531
-0.212716
-0.636968
-0.613772
-0.631692
-0.639163
-0.719634
-0.538626
-0.771613
-0.761607
-0.791378
-0.542652
-0.742729
-0.546671
-0.772669
-0.574164
-0.650256
-0.515457
-0.427084
-0.171553
-0.171553
-0.076956
-0.212754
-0.336364
-0.141995
-0.040447
-0.130555
0.000479
0.164074
-0.050106
0.174787
0.633685
0.411796
0.355771
0.010723
0.331813
-0.598930
-0.456466
-0.641538
-0.773705
-0.733107
-0.499821
-0.838087
-0.811740
-0.832716
-0.770916
-0.772507
-0.863489
-0.911894
-0.911894
-0.903381
-0.677901
-0.501885
-0.525946
-0.595850
-0.857687
-0.897473
-0.719402
-0.471753
-0.273268
-0.435078
-0.490660
-0.292942
-0.426164
-0.418178
-0.438290
-0.408279
-0.656638
-0.895340
-1.045874
-0.981791
-0.968906
-1.044682
-1.146665
-0.899054
-0.724128
-0.858784
-0.625533
-0.428973
-0.355257
-0.538704
-0.304612
-0.307000
-0.216187
-0.323416
-0.198229
-1.168591
-1.168591
-1.227277
-1.049791
-1.071715
-1.286735
-1.428268
-1.559607
-1.319838
-1.317416
-1.441305
-1.252097
-1.131899
-1.211567
-1.211567
-0.893320
-0.940543
-1.064100
-1.158705
-1.151360
-1.421999
-1.597017
-1.001484
-1.214174
-1.081980
-0.902649
-0.683449
-0.775383
-0.786217
-0.727122
-0.796656
-0.603213
-0.542846
-0.619186
-0.677087
-0.735184
-0.699520
-0.699520
-0.468413
-0.676052
-0.593473
-0.377653
-0.387345
-0.520448
-0.272150
-0.470997
-0.681142
-0.604420
-0.604420
-0.778596
-0.867706
-0.867706
-0.900777
-0.720876
-0.912042
-0.964019
-0.710242
-0.534918
-0.690346
-0.802397
-0.279971
-0.046402
-0.143402
-0.240761
-0.034304
-0.125022
-0.351031
-0.459575
0.064684
0.280402
0.192883
0.080699
-0.274371
-0.281297
-0.076854
-0.209931
0.045117
0.133272
0.320903
0.115850
0.327140
0.162298
-0.021550
-0.055067
0.043233
0.179177
0.118853
0.228459
-0.205321
-0.391433
-0.495412
-0.346313
-0.550368
-0.310821
-0.102583
-0.184143
-0.011138
0.053308
-0.183973
-0.272151
-0.509345
-0.620122
-0.583197
-0.341750
-0.587760
-0.474977
-0.437679
-0.551104
-0.534280
-0.419522
-0.183358
-0.225504
-0.199631
-0.471979
-0.617310
-0.758651
-0.620649
-0.394306
-0.252043
-0.038631
-0.251211
-0.059626
-0.244953
-0.418504
-0.487508
-0.248452
-0.219857
-0.391264
-0.167277
-0.287314
-0.371963
-0.511240
-0.266930
-0.266988
-0.257260
-0.165266
-0.345092
-0.497371
-0.818645
-0.916458
-1.040285
-1.272522
-1.373175
-1.222797
-1.222797
-1.226365
-1.118896
-1.131079
-1.211094
-1.109524
-0.984504
-1.074499
-1.236597
-1.465120
-1.612710
-1.813254
-1.837676
-1.932214
-1.730649
-1.704736
-1.687325
-1.679504
-1.679504
-1.495706
-1.745077
-0.584710
-0.899962
-0.785913
-0.777664
-0.639425
-0.608830
-0.509077
-0.294566
-0.528397
-0.390347
-0.445019
-0.487024
-0.350773
-0.521671
-0.771232
-0.956224
-0.829091
-0.717214
-0.909273
-0.851273
-1.455029
-1.455029
-1.432478
-1.311024
-1.311024
-1.184908
-1.117224
-1.178036
-1.069914
-1.098267
-1.262484
-1.248911
-0.876895
-0.702534
-1.432053
-1.472470
-1.256901
-1.217005
-1.109482
-0.925698
-1.139572
-1.093301
-1.171953
-1.091942
-1.162017
-1.005993
-0.882386
-0.868810
-0.897778
-0.738410
-0.594377
-0.452773
-0.618998
-0.410302
-0.347095
-0.382993
-0.161833
-0.057612
0.089284
0.309946
0.196765
0.262350
0.099281
-0.094819
0.086424
0.042916
0.005649
0.009255
0.056598
0.021719
0.248318
0.371516
0.122979
0.090604
-0.099985
-0.332037
-0.435529
-0.563047
-0.355955
-0.408917
-0.316479
-0.349814
-0.134367
-0.121379
-0.167932
-0.060290
0.165424
0.033591
0.098521
0.181268
0.276952
0.318153
0.141150
-0.086862
0.003442
0.179472
-0.023933
0.095145
0.169452
0.194396
0.367024
0.429761
0.215348
0.452976
0.575341
0.516744
0.685617
0.439124
0.605987
-0.130747
0.084682
0.185659
0.400393
0.193396
0.015984
-0.197404
-0.009369
-0.135279
-0.118227
-0.176724
0.101152
-0.083838
0.069166
-0.225485
0.017043
0.004977
-0.085600
-0.286221
-0.263719
-0.201423
-0.395522
-0.570726
-0.388562
-0.618786
-0.618786
-0.382518
-0.613602
-0.802178
-0.600648
-0.586821
-0.739725
-0.882119
