0.840188
0.760423
0.894538
0.921523
0.985958
0.992659
1.200756
1.309405
1.067555
1.180848
0.935725
0.964409
0.874569
0.887941
1.083706
1.009935
1.219448
1.444112
1.237140
1.318753
1.243200
1.003211
0.784759
0.784759
0.960219
0.980099
1.110224
1.009526
1.009526
0.354283
0.216355
0.547627
0.670163
0.900278
0.648285
0.594130
-0.015170
0.223147
0.434172
0.016848
0.109226
-0.170061
-0.239261
-0.092432
-0.193788
0.011033
0.010105
-0.102939
0.192395
0.190383
0.304159
0.473225
0.312329
0.311592
0.130711
0.043115
0.247357
0.415771
0.413808
0.360972
0.415413
0.241028
0.110206
0.327453
0.406827
0.400540
0.463373
0.317295
0.264489
0.177495
0.246823
0.165944
-0.016019
-0.263314
-0.126121
-0.318787
0.198562
0.459660
0.401108
0.555656
0.331410
0.444593
0.375551
0.363844
0.418708
0.478171
0.344999
0.130044
0.341908
0.332775
0.496159
0.424756
0.721339
0.822214
0.772568
0.923517
0.749954
0.531735
0.375543
0.475694
0.226256
0.128876
0.206560
0.047140
0.130811
0.207463
0.399970
0.228540
0.393018
0.595103
0.542364
0.568086
0.594370
0.914820
0.821600
1.058176
0.816904
0.853764
0.895106
1.142688
0.929818
0.978458
0.838352
1.050108
1.031534
1.031534
1.031534
1.165041
0.304161
0.877061
0.954001
0.809346
0.992063
0.841564
0.841564
0.669233
0.860335
1.060050
1.047953
0.859116
1.071386
0.643057
0.631235
0.672360
0.554446
0.497306
0.447799
0.537751
0.761572
1.063737
1.198099
1.372099
1.158717
1.214422
1.443901
0.269264
0.373395
0.423641
-0.187777
-0.168995
-0.465309
-0.285876
-0.389290
-0.188904
-0.122502
-0.443587
0.008392
0.107159
0.087904
0.119567
0.271180
0.056841
0.044423
-0.026459
0.181966
0.382414
0.228300
0.442639
0.607502
0.451626
0.023918
-0.137732
-0.313617
-0.225770
-0.337828
-0.510227
-0.648738
-0.672397
-0.649505
-0.471092
-0.527758
-0.690690
-0.817106
-0.544468
-0.788324
-0.713292
-0.703233
-0.832525
0.144205
0.213158
0.084922
-0.096021
0.394266
0.216739
0.249484
0.380127
0.368552
0.514012
-0.014164
-0.110283
-0.342763
-0.353329
-0.469761
-0.562740
-0.772548
-0.690922
-0.690922
-0.817684
-0.236163
-0.279392
-0.079359
0.560660
0.669549
-0.908653
-0.671404
-0.814843
-0.633963
-0.662569
-0.639458
-0.392694
-0.627662
-0.627662
-0.618138
-0.371583
-0.631217
-1.197395
-1.158044
-1.006079
-0.979404
-1.096495
-1.189715
-0.524073
-0.585757
-0.389598
-0.462902
-0.207108
0.540896
0.206057
0.276114
0.480956
0.574729
0.097680
0.131044
0.184757
0.157296
0.107370
0.089059
-0.156206
0.075919
-0.150287
-0.186835
-0.213917
-0.097948
0.134993
-0.996339
-1.220405
-0.376235
-0.190134
-0.068733
-0.309239
-0.157522
-0.032354
0.051426
0.173501
0.253984
0.061280
-0.090139
-0.145656
-0.392595
-0.365150
-0.153254
-0.153615
-0.128733
-0.994984
-0.876349
-1.018832
-0.794044
-0.576876
-0.529035
-0.712279
-0.629938
-0.813938
-0.823498
-0.935326
-0.421080
-0.226503
-0.090812
-0.555538
-0.454528
-0.417158
-0.243643
-0.284250
-0.098823
0.022328
0.356885
0.333337
0.099705
0.132672
0.064303
-0.216097
0.176298
0.055187
0.326046
0.450017
-0.061023
-0.097023
-0.033091
-0.124091
-0.044535
0.177122
0.158139
0.184485
0.161781
0.655598
0.925480
0.778475
0.688903
0.800854
0.742361
0.575738
-0.105494
-0.101064
-0.175283
-0.093125
0.132321
-0.003263
-0.012050
-0.139951
-0.717603
-0.562470
-0.935981
-1.007055
-1.224265
-1.146308
-0.799822
-0.799822
-0.616994
-1.035402
-0.923622
-0.765299
-0.609445
-0.542181
-0.304635
-0.168651
-0.777846
-0.719926
-1.004545
-0.909624
-0.631692
-0.710561
-0.473460
-0.707441
-0.546616
-0.724538
-0.683496
-0.677977
-0.893420
-1.112301
-1.036367
-0.786143
0.312159
0.487225
0.266572
0.228563
0.374057
0.133444
0.003310
0.076827
-0.123515
-0.123515
-0.097321
0.000446
0.219674
0.247107
0.108197
-0.108848
0.005446
0.018893
0.239987
0.356575
0.352361
0.276638
0.133849
0.289629
0.288558
0.117665
0.618853
0.698579
0.653017
0.851263
0.828509
1.011672
0.895683
0.841427
0.856853
1.066559
0.822974
0.810300
0.751942
0.574891
-0.453481
-2.045601
-1.847650
-1.726368
-2.252604
-2.468549
-2.468549
-2.337957
-2.367587
-2.121056
-1.974403
-1.978332
-1.930973
-1.978703
-1.813034
-1.987459
-1.987459
-1.981248
-1.842151
-1.697433
-1.575867
-1.641718
-1.521715
-1.521715
-1.289829
-1.163788
-1.332801
-1.332801
-1.254551
-1.184365
-1.419468
-1.547982
-1.474267
-1.474267
-1.474267
-0.686670
-0.878775
-0.844443
-0.882189
-0.805718
-0.569416
-0.408939
-0.176471
-0.342657
-0.263347
-0.044489
0.069115
0.232944
0.407314
0.292667
0.394503
0.188979
0.098902
0.098902
-0.711937
-0.711937
-0.677465
-1.141941
-0.972892
-0.352342
-1.382699
-1.413567
-1.402884
0.095964
0.268152
-0.965089
-0.929448
-0.702769
-0.853875
-0.994004
-1.103081
-0.987586
-0.936289
-0.841777
-0.638759
-0.597996
-0.797051
-0.834302
-0.989212
-1.197913
-1.081640
-1.264499
-1.274786
-1.401018
-1.368542
-1.368542
-1.486283
-1.570299
-1.807983
-1.740001
-1.641014
-1.641014
-1.738790
-1.683926
-1.683926
-1.573801
-1.534717
-1.741943
-1.520857
-1.403453
-1.253272
-1.326313
-1.235363
-1.019367
-0.915926
-0.847328
-0.704605
-0.852244
-0.934791
-0.892530
-0.889141
-1.056241
-1.226589
-1.405321
-1.363104
-1.308806
-1.198704
-1.223866
-1.149664
-1.345347
-1.120535
-0.990464
-0.980898
-0.818414
-0.678758
-0.809699
-0.702568
-0.767052
-0.689419
-0.451898
-0.506441
-0.444194
-0.421116
-0.414505
-0.436587
-0.411664
-0.477822
-0.657555
-0.657555
-0.537128
-0.537128
-0.617002
-0.675557
-0.444147
-0.444147
-0.555221
-0.544470
-0.431026
-0.192768
-0.311659
-0.130677
0.038230
-0.150745
-0.342512
-0.120588
-0.145055
0.023089
-0.022864
-0.021563
-0.142896
-0.238509
-0.316896
-0.348129
-0.149163
-0.244051
-0.070850
0.165257
0.116176
0.197456
0.193041
0.130850
0.343476
0.460251
0.425795
0.527924
0.759728
0.621533
0.793186
0.731660
0.519257
0.519257
0.698937
0.751842
0.985777
1.125527
1.312917
1.263553
1.197067
1.013755
0.949243
0.942512
1.117843
1.188553
1.124199
1.091803
1.194573
1.128613
0.983714
1.146763
1.017893
1.086449
1.216806
1.425342
1.261946
1.474875
1.668914
1.668914
1.480187
1.446543
1.465820
1.685982
1.538241
1.692736
1.583884
1.630281
1.500622
1.571421
1.455565
1.270135
1.324694
1.567533
1.551231
1.419200
1.361517
1.153405
1.171691
1.005330
0.921583
0.749489
0.805167
0.624846
0.864101
1.040819
0.960631
0.960631
0.729418
0.702386
0.721597
0.519051
0.444314
0.617435
0.468828
0.532923
0.777817
0.602863
0.619167
0.595759
0.380960
0.509919
0.404518
0.333900
0.143996
0.309865
0.303154
0.343988
0.146653
0.258755
0.229469
0.401173
0.219371
-0.014449
-0.122974
-0.282913
-0.136831
-0.005142
-0.063014
-0.108948
0.104474
-0.063997
-0.230737
-0.355475
-0.355475
-0.315491
-0.401930
-0.629291
-0.670853
-0.854592
-0.823000
-1.046413
-1.171069
-1.202714
-0.983367
-0.983367
-1.191011
-1.301530
-1.527943
-1.516403
-1.514296
-1.347359
-1.334148
-1.334148
-1.105751
-1.034191
-0.914180
-0.726517
-0.720093
-0.657267
-0.828829
-0.920288
-1.136544
-1.140134
-1.327370
-1.410133
-1.600659
-1.620120
-1.620120
-1.575785
-1.734131
-1.721997
-1.507954
-1.300933
-1.195120
-0.998881
-1.096514
-1.291468
-1.138667
-1.145224
-1.085818
-1.055382
-0.810529
-0.868963
-0.730021
-0.730021
-0.878227
-0.685964
-0.453285
-0.416981
-0.497850
-0.475107
-0.387784
-0.630175
-0.750930
-0.795242
-0.795242
-0.737712
-0.490613
-0.565423
-0.330428
-0.213790
0.015030
-0.082343
-0.124158
-0.074168
-0.152692
-0.203880
-0.053358
-0.054436
0.153040
0.371456
0.562190
0.587987
0.613028
0.686904
0.583828
0.680654
0.680654
0.517897
0.706282
0.541196
0.751163
0.619821
0.859971
0.859971
0.932161
0.748996
0.633613
0.584371
0.627990
0.547684
0.512830
0.329118
0.095091
0.267252
0.058016
-0.127767
-0.086964
0.024255
-0.175289
-0.196710
-0.336566
-0.450996
-0.562949
-0.658531
-0.547570
-0.425361
-0.334728
-0.294059
-0.452032
-0.391069
-0.421164
-0.537642
-0.537642
-0.495981
-0.499767
-0.268608
-0.202955
-0.351836
-0.148780
-0.013413
-0.183763
-0.043639
-0.097566
-0.070679
0.072945
0.243837
0.456867
0.331104
0.130258
0.009857
0.195994
0.097722
0.075207
0.030697
-0.210917
0.033640
0.132073
-0.109609
-0.294134
-0.211529
-0.088473
-0.265845
-0.207934
-0.100762
-0.238000
-0.335565
-0.488037
-0.437348
-0.630338
-0.874784
-1.027748
-1.124317
-0.989523
-0.749550
-0.552594
-0.393227
-0.393227
-0.487130
-0.558271
-0.567218
-0.817178
-0.726658
-0.779007
-0.606427
-0.709038
-0.638982
-0.460736
-0.520842
-0.635605
-0.622297
-0.869851
-0.717648
-0.812977
-0.600469
-0.778899
-0.903748
-0.903748
-0.984570
-1.127690
-1.328329
-1.328329
-1.079637
-0.986732
-0.975553
-0.857101
-1.046767
-1.099603
-0.900185
-0.900185
-0.964820
-1.099333
-1.185313
-1.159127
-1.159127
-0.984171
-0.984171
-0.808157
-0.665168
-0.590558
-0.593497
-0.664842
-0.850882
-0.830948
-0.853294
-0.677990
-0.544808
-0.571274
-0.567946
-0.437548
-0.304761
-0.237602
-0.237398
-0.331253
-0.331253
-0.283893
-0.360074
-0.543525
-0.441692
-0.440536
-0.563280
-0.320774
-0.353522
-0.353522
-0.387761
-0.406619
-0.413227
-0.413227
-0.371753
-0.484965
-0.479395
-0.666676
-0.506513
-0.589347
-0.373596
-0.282112
-0.437329
-0.583885
-0.783855
-0.751241
-0.902120
-0.787781
-0.787781
-0.701672
-0.693851
-0.786755
-0.629710
-0.436930
-0.337848
-0.508643
-0.730375
-0.572536
-0.567856
-0.382770
-0.460404
-0.639903
-0.658447
-0.794448
-0.626600
-0.729557
-0.556552
-0.617491
-0.843538
-0.946280
-0.954493
-1.016625
-1.119473
-0.976366
-1.119376
-1.162835
-1.366943
-1.566099
-1.604217
-1.783356
-1.918406
-1.863005
-1.863005
-1.745001
-1.868698
-1.699666
-1.707941
-1.819797
-1.867189
-1.826481
-1.717038
-1.717038
-1.692748
-1.692748
-1.638106
-1.638106
-1.416658
-1.209111
-1.043345
-1.253858
-1.163045
-1.002887
-1.187468
-0.966054
-1.136500
-1.136500
-1.127130
-1.032798
-0.976416
-1.206584
-1.176024
-1.395407
-1.395407
-1.399908
-1.336193
-1.571320
-1.577815
-1.590749
