0.284293
0.187270
0.351870
0.216355
0.141535
0.390341
0.390341
0.505383
0.547627
0.810437
0.642488
0.867540
0.878321
0.748353
0.864680
1.098382
1.228250
0.670163
0.455116
0.522491
0.650281
0.650281
0.463015
0.215096
0.055282
0.434172
-0.090508
-0.166950
-0.315844
0.033069
0.474427
0.010105
0.190383
0.241028
0.044952
0.314632
0.406827
0.235463
0.173115
0.277070
0.459660
0.310268
0.444593
0.304161
0.496320
0.475339
0.608563
0.487356
0.719108
0.670297
1.031547
0.992063
0.929841
0.709272
0.741080
0.500536
0.255073
0.305786
0.305786
0.142318
1.106346
0.367490
0.448386
0.362194
1.183125
1.405876
1.618485
1.496970
0.631235
0.573533
-0.141085
-0.187777
-0.326914
-0.389814
-0.591069
-0.647407
-0.430317
-0.264586
-0.196984
-0.134655
-0.095249
-0.330511
-0.280657
-0.458687
-0.319981
-0.202326
-0.118972
-0.316184
-0.515067
-0.629907
-0.736039
-0.512538
0.082453
0.283227
0.473843
0.454169
-0.306787
-0.268426
-0.455387
-0.285876
-0.443587
-0.247425
-0.078432
0.008392
-0.068010
-0.462028
-0.537366
-0.574160
-0.664868
-0.421546
-0.529406
-0.559911
-0.468362
-0.525212
-0.561935
-0.511732
-0.707116
-0.877453
-0.735244
-0.757399
-0.634895
-0.405518
-0.645264
-0.446323
0.087904
0.255670
0.023918
0.209932
-0.194666
0.000090
0.144205
0.061213
0.006238
0.246965
0.351273
-1.003813
-0.961314
-0.957129
-0.908653
0.479704
0.253984
-0.153615
-0.320197
-0.220423
-0.819504
-0.994984
-0.562758
-0.571583
-0.540613
-0.411431
-0.529035
-0.673631
-0.475718
-0.614605
-0.614605
-0.561680
-0.419669
-0.374410
-0.234269
-0.098928
-0.066970
-0.165284
-0.284802
-0.428255
-0.662253
-0.629938
-0.036030
-0.098823
-0.023445
0.006223
-0.024944
0.062498
0.022328
0.356885
0.055187
0.253200
0.450017
0.300441
0.207468
0.295343
0.282015
0.302210
0.170475
0.103867
0.575738
0.811835
0.572972
0.550370
0.725972
0.628752
0.705902
0.733087
0.905750
-0.178431
-0.315274
-0.135609
0.112347
0.359996
0.485112
0.724196
-0.263788
-0.044875
-0.336334
-0.149475
-0.151587
-0.306111
-0.174627
0.021894
0.006390
0.541118
0.588669
-0.088351
-0.107196
-0.126774
-0.283488
-1.320744
-1.366385
-1.311517
-1.367983
-1.377570
-1.511943
-1.657937
-0.788572
-0.900601
-0.900601
-1.088683
-1.192651
-1.076673
-0.980926
-1.201404
-0.888964
-0.888986
-0.667617
-0.549571
-0.394820
-0.274205
-0.480807
-0.371758
-0.730424
-1.047190
-0.887471
-0.868703
-0.868703
-0.829700
-0.922502
-0.904822
-0.704978
-0.569295
-0.411594
-0.378966
-0.321718
-0.851712
-0.687057
-0.699448
-0.702094
-0.630399
-0.862613
-0.770027
-0.644358
-0.768143
-0.740887
-0.740887
-0.695585
-0.854879
-0.809055
-0.777280
-0.624792
-0.777953
-0.575227
-0.395109
-0.928826
-0.812573
-0.587108
-0.392991
-0.239310
-0.292475
-0.014531
0.088349
0.040868
-0.168651
-0.343546
-0.212716
-0.028257
-0.370267
-0.420557
-0.647194
-0.636968
-0.613772
-0.609018
-0.631692
-0.860863
-0.641165
-0.602815
-0.364611
-0.212754
0.266572
0.252970
0.241001
0.247005
0.117303
0.098397
-0.141995
-0.124892
-0.124892
-0.202141
-0.194224
0.018525
-0.004846
-0.121221
-0.061411
-0.092290
0.000479
0.102858
0.042363
0.180831
0.100632
0.306149
0.281736
0.164074
0.653017
0.803549
0.964619
0.799008
0.591944
0.560640
0.355771
0.139101
0.218912
0.218912
0.007895
-0.170196
0.079634
0.191737
0.163585
-0.733107
-0.733107
-0.811740
-0.832716
-0.081832
-1.067845
-1.074920
-1.176258
-1.317193
-1.245073
-1.168591
-1.168591
-1.151360
-1.597017
-2.294472
-2.294472
-2.515103
-2.515103
-2.365396
-2.544234
-2.369993
-2.369993
-1.330884
-1.309844
-1.487564
-1.334007
-1.310448
-1.219549
-1.146763
-1.231816
-1.315762
-1.315762
-1.237130
-1.343922
-1.343922
-1.244053
-1.184165
-0.951055
-0.683449
-0.838113
-0.470997
-0.277097
-0.681142
-0.534918
-0.731460
-0.864479
-0.168142
0.046334
-0.136284
-0.240761
-0.125022
-0.186925
-0.229916
-0.104530
-0.234286
-0.151429
0.080699
-0.128718
-0.274371
-0.209931
-0.064922
-0.260367
-0.051196
0.047262
0.028006
0.242298
0.054443
0.140344
0.182771
0.165165
0.165165
0.400334
0.334595
0.110391
0.126922
0.001530
-0.069306
-0.265381
-0.020158
0.189357
0.125955
0.198711
0.292667
0.238843
0.202222
0.422758
0.557124
0.649096
0.770157
0.908088
0.989208
1.099068
0.941398
0.732858
0.668875
-0.002025
-0.205321
-0.018284
-0.099938
-0.119982
0.044042
0.217611
0.273689
0.137431
-0.095043
-0.340948
-0.272151
-0.272151
-0.399167
-0.402467
-0.443195
-0.493936
-0.627267
-1.297687
-0.899962
-0.857946
-0.664387
-0.543374
-0.369518
-0.352342
-0.485744
-0.832536
-0.785913
-0.702534
-0.532048
-0.503187
-0.601268
-0.395208
-0.612203
-1.274646
-1.472470
-1.093301
0.056598
0.294373
0.294373
-0.121379
-0.237780
-0.023933
-0.130747
0.101152
0.187328
-0.061544
-0.570726
-0.779190
-0.536590
-0.613602
-0.712557
-0.586496
-0.775869
-1.012818
-1.012818
-1.119995
-1.323289
-1.368896
-1.333084
-1.090607
-0.901558
-0.699458
-0.907996
-0.705025
-0.724716
-0.633651
-0.841572
-0.697434
-0.668424
-0.810501
-0.951453
-0.982783
-0.769690
-0.607782
-0.529842
-0.440920
-0.432850
-0.534317
-0.231766
-0.396046
-0.216203
-0.430013
-0.504601
-0.385428
-0.392419
-0.482802
-0.552384
-0.593726
-0.347125
-0.290525
-0.118281
-0.339061
-0.257154
-0.015630
0.147094
0.000892
0.011157
-0.072911
-0.250705
-0.471824
-0.471824
-0.645829
-0.463521
-0.486252
-0.219763
-0.300403
-0.126297
-0.409814
-0.562568
-0.317440
0.160506
0.381036
0.188208
0.363698
0.344396
0.018834
0.123668
0.223630
-0.014265
0.154695
-0.016992
0.153412
0.159609
0.311171
0.085328
-0.146324
-0.049585
0.062853
-0.169240
-0.351457
-0.196044
-0.423753
-0.599637
-0.678583
-0.751513
-0.522553
-0.404730
-0.279268
-0.515227
-0.743695
-0.654546
-0.817569
-0.659564
-0.504692
-0.507389
-0.302660
-0.320540
-0.187208
-0.269636
-0.237142
-0.404171
-0.347575
-0.347575
-0.218961
-0.429452
-0.255786
-0.255786
-0.129228
-0.019930
0.015536
0.201013
0.180379
0.284103
0.447862
0.506655
0.680721
0.486439
0.544052
0.516634
0.678413
0.580232
0.560876
0.641535
0.424739
0.563372
0.609931
0.418794
0.660502
0.549124
0.549124
0.400843
0.490022
0.328636
0.399281
0.482299
0.305585
0.123456
0.125155
0.286287
0.124774
-0.021653
-0.147778
0.013191
-0.161783
-0.390735
-0.143728
-0.026867
0.003337
0.236315
0.252984
0.336258
0.387092
0.280977
0.330651
0.418087
0.522871
0.546075
0.399522
0.243764
0.227528
0.164910
0.152968
-0.030074
-0.270357
-0.401247
-0.285315
-0.418973
-0.315445
-0.346146
-0.280900
-0.489539
-0.241794
-0.343106
-0.094367
-0.064703
0.043517
0.256793
0.028081
-0.107379
-0.277210
-0.219819
-0.283785
-0.420917
-0.486957
-0.486957
-0.348054
-0.428819
-0.630129
-0.392289
-0.581436
-0.551503
-0.566955
-0.801603
-0.778161
-0.741320
-0.627778
-0.578066
-0.810100
-0.970963
-0.976215
-1.025083
-1.259059
-1.488760
-1.550470
-1.688327
-1.662685
-1.744469
-1.859184
-1.843157
-1.779698
-1.767359
-1.870258
-1.893683
-1.669051
-1.552058
-1.704447
-1.601415
-1.412923
-1.484574
-1.353104
-1.227180
-1.294611
-1.377308
-1.399602
-1.423020
-1.186821
-1.218657
-1.218657
-1.170290
-1.159839
-1.164853
-1.181369
-0.959671
-0.738323
-0.689565
-0.499026
-0.739095
-0.770274
-0.579312
-0.718748
-0.481056
-0.574592
-0.594529
-0.693933
-0.710891
-0.767102
-0.747993
-0.921947
-1.072698
-0.931844
-0.781632
-0.958943
-0.754443
-0.917065
-0.929028
-1.116023
-1.071318
-0.889732
-0.712825
-0.909629
-0.666399
-0.778423
-0.854165
-1.101018
-1.089603
-1.168088
-1.192696
-1.370925
-1.585211
-1.759857
-1.652767
-1.403286
-1.295456
-1.368896
-1.605644
-1.410960
-1.184219
-1.165398
-1.118716
-0.944210
-1.028242
-1.058517
-0.968292
-1.147040
-0.946395
-1.046704
-1.011739
-0.802210
-0.971970
-0.794440
-0.678593
-0.828621
-0.623746
-0.380160
-0.489397
-0.429743
-0.665631
-0.717540
-0.646665
-0.666388
-0.500439
-0.671185
-0.892045
-0.798336
-0.873462
-0.920593
-1.027138
-0.893830
-0.972195
-0.872308
-0.827322
-0.958194
-1.019275
-1.105838
-1.269276
-1.237963
-1.214281
-1.260855
-1.111504
-0.949304
-0.880929
-0.880929
-0.713019
-0.902860
-0.777712
-0.625768
-0.806182
-0.576949
-0.488658
-0.470360
-0.683975
-0.506611
-0.346433
-0.483545
-0.555620
-0.421867
-0.421867
-0.213738
0.033215
-0.069171
0.109163
-0.098602
-0.277972
-0.271548
-0.357408
-0.273636
-0.449303
-0.449303
-0.307378
-0.263338
-0.364770
-0.548620
-0.622127
-0.525334
-0.525334
-0.525334
-0.731368
-0.512548
-0.653297
-0.879782
-0.879817
-0.655900
-0.655900
-0.597091
-0.739102
-0.908904
-0.878261
-0.878261
-0.957633
-1.077053
-0.940569
-1.006474
-0.992565
-1.197521
-1.069362
-1.172810
-0.996964
-0.794542
-0.939564
-1.134947
-1.020866
-0.801344
-0.770180
-0.770180
-0.613299
-0.698313
-0.539747
-0.565934
-0.813936
-1.018300
-0.930884
-1.172604
-1.109947
-1.052416
-1.080483
-1.199882
-0.952919
-0.972181
-1.107254
-1.127334
-1.312298
-1.247127
-1.253138
-1.357061
-1.299220
-1.423077
-1.289176
-1.130658
-1.285532
-1.421340
-1.593143
-1.440068
-1.345154
-1.241865
-1.025457
-0.793807
-0.565693
-0.810646
-0.724841
-0.506751
-0.413915
-0.375013
-0.396355
-0.223062
-0.059591
-0.168748
-0.136471
-0.319642
-0.391912
-0.554880
-0.801554
-0.801554
-0.686051
-0.732507
-0.650754
-0.555800
-0.539933
-0.388607
-0.307330
-0.239022
-0.126917
-0.140501
-0.387433
-0.365861
-0.392497
-0.317560
-0.140273
-0.182144
-0.250993
-0.006896
-0.173589
-0.236095
-0.013188
0.080511
0.243950
0.042882
-0.085960
0.083965
-0.077443
-0.022417
-0.222316
-0.222316
-0.341831
-0.321654
-0.413206
-0.338667
-0.485342
-0.644413
-0.793560
-0.663144
-0.816509
-0.776673
-0.811979
-0.719958
-0.568700
-0.703458
-0.676448
-0.497701
-0.347040
-0.377910
-0.164712
-0.113848
-0.308146
-0.415391
-0.338970
-0.418123
-0.215605
-0.324755
-0.404311
-0.183812
-0.303894
-0.530834
-0.541206
-0.476783
-0.576053
-0.626655
-0.799433
-0.868981
-0.726927
-0.687448
-0.591069
-0.699538
-0.528529
-0.312420
-0.297167
-0.384014
-0.611665
-0.559564
-0.671546
-0.519279
-0.619202
-0.466525
-0.614600
-0.504376
-0.348040
-0.385585
-0.525557
-0.723945
-0.837577
-0.965089
