0.911647
1.309405
1.131320
0.794853
0.862425
0.874569
0.417621
0.339747
0.582210
0.889391
0.738401
0.543267
0.684398
0.534575
0.442404
0.307902
0.324325
0.352023
0.292131
0.749895
0.749269
0.655244
0.671724
0.594370
1.015276
1.010181
1.167356
1.236185
1.058176
0.877061
0.761572
0.618834
0.891176
1.114119
1.372099
1.443901
0.269264
0.373395
0.357131
0.348955
0.120652
-0.006919
0.048702
0.279484
0.112532
0.241172
-0.005338
0.112893
0.324179
0.324179
0.124920
-0.005420
0.052020
0.226693
0.169869
0.360211
0.444374
0.350545
0.161589
0.169057
0.024839
-0.145080
-0.178201
-0.103307
-0.122333
0.017793
0.110131
0.293730
0.067321
-0.094113
-0.289350
-0.241255
0.022998
0.162230
0.059530
-0.074046
0.092232
-0.143542
-0.084751
0.052465
-0.159158
-0.322797
-0.392904
-0.453549
-0.653206
-0.468486
-0.666399
-0.541540
-0.608141
0.082453
-0.188904
-0.113659
-0.113659
0.023870
0.603102
0.451626
0.394266
0.216739
0.228612
0.421540
0.415277
0.595588
0.461870
0.621421
0.632785
0.466406
0.679161
0.444965
0.558602
0.414495
0.634320
0.745090
0.648084
0.475155
0.617399
0.528746
0.158372
-0.342763
-0.236163
-0.236163
-0.101626
-0.129005
-0.079359
-0.173114
-0.049499
0.065839
0.224713
0.320957
0.260894
0.181054
-0.048902
-0.014864
-0.231060
-0.424958
-0.621822
-0.427648
-0.343535
-0.099974
0.435076
-0.618138
-0.819233
-0.927274
-1.166842
-1.221698
-1.159847
-1.234302
-1.376074
-1.376074
-1.463025
-1.302104
-1.312007
-1.062387
-1.062387
-1.056708
-1.036610
-1.006079
-1.196287
-1.210950
-0.866519
-0.978459
-1.005136
-0.862463
-0.659210
-0.901360
-0.741673
-0.810616
-0.690051
-0.690041
-0.690041
-0.363548
-0.191046
-0.125870
-0.389598
-0.349851
-0.220056
-0.118910
0.030327
0.224727
0.166997
0.297511
0.210270
0.459341
0.288499
0.123373
0.358897
0.380479
0.139946
0.321989
0.097680
0.157709
-0.018173
-0.014286
0.074385
-0.150878
0.023578
-0.128754
-0.366076
-0.583783
-0.336896
-0.336896
-0.460258
-0.263599
-0.139214
-0.252528
-0.408152
-0.219603
-0.094758
-0.225835
-0.376235
-0.564117
-0.549671
-0.752635
-0.726794
-0.613701
-0.475868
-0.383469
-0.143311
-0.325539
-0.350608
-0.192612
-0.062009
-0.392595
-0.381677
-0.365150
-0.450135
-0.454528
-0.529077
0.319265
-0.029580
-0.045401
0.253200
0.733229
0.862475
0.645006
0.521979
0.725854
0.504289
0.282519
0.277347
0.202203
0.003443
-0.026971
-0.232539
-0.213437
-0.145045
-0.178431
-0.263788
-0.044875
-0.213046
-0.007913
0.003232
-0.101064
-0.085008
0.049056
-0.057656
-0.175283
-0.211323
-0.442494
-0.336334
-0.149475
-0.351805
-0.329523
-0.132324
0.061050
0.185779
0.047437
-0.386374
-0.306111
-0.119659
-0.284854
-0.174627
-0.201302
0.021894
0.013309
-0.003263
-0.012050
-0.002120
-0.139951
-0.106316
0.045996
0.006390
-0.060020
-0.070177
0.161082
0.270232
-0.028928
-0.107196
-0.283488
-0.357235
-0.416007
-0.499398
-0.717603
-0.935981
-1.008871
-1.118016
-1.320744
-1.190900
-1.413206
-1.413206
-1.256618
-1.366385
-1.379360
-1.144824
-1.213884
-1.236033
-1.480725
-1.297161
-1.209332
-0.998426
-0.984386
-0.858667
-1.046029
-1.065476
-1.169890
-1.070258
-0.986170
-1.498861
-1.669115
-1.884301
-1.996206
-1.748951
-1.631413
-1.673038
-1.690633
-1.811426
-2.011943
-2.095985
-2.085443
-2.027494
-1.892107
-2.029419
-2.003558
-0.716858
-0.524910
-0.607053
-0.589860
-0.755748
-0.870346
-1.047951
-0.917839
-1.037289
-1.245499
-1.242263
-1.146308
-0.900601
-1.201404
-1.291332
-1.365778
-0.652407
-0.652407
-0.623954
-0.829084
-0.582311
-1.045964
-1.192129
-1.047190
-0.844064
-0.844064
-0.699448
-0.787153
-1.012026
-0.616994
-0.663014
-0.702094
-0.770027
-0.612262
-0.849607
-0.811245
-0.725862
-0.948644
-1.078546
-1.035402
-1.116303
-1.034606
-0.695585
-0.894718
-0.694357
-0.629937
-0.613355
-0.819396
-0.604034
-0.660838
-0.765626
-0.964602
-0.923622
-0.923622
-0.812573
-0.587108
-0.361709
-0.488487
-0.360064
-0.574660
-0.666259
-0.286878
-0.466971
-0.296143
-0.609445
-0.406157
-0.542181
-0.292475
-0.097410
-1.521543
-1.492904
-1.458943
-1.595653
-1.856741
-1.962989
-1.962989
-1.741795
-1.786180
-1.770704
-1.770704
-1.745559
-0.120142
-0.014531
0.088349
0.040868
-0.193307
0.043712
0.128511
-0.074806
-0.309015
-0.263698
-0.168651
-0.343546
-0.347839
-0.428207
-0.362820
-0.551814
-0.764956
-0.777846
-0.719926
-0.636968
-0.613772
-0.795284
-0.942288
-0.847505
-0.775839
-0.851905
-0.963939
-0.973509
-1.004545
-0.874477
-1.156186
-0.834375
-0.609018
-1.036367
-0.621337
-0.649732
-0.472732
-0.246579
-0.246579
-0.443331
-0.373060
-0.346164
-0.874346
-0.687778
-0.732452
-0.826980
-0.641165
-0.364611
-0.236778
-0.336251
-0.336364
-0.219380
-0.428489
-0.272078
-0.082756
0.161730
-0.007779
0.112804
0.306808
0.487225
0.370535
0.455464
0.241001
0.098397
0.226289
0.174787
0.348103
0.229288
0.162546
0.244071
0.358976
0.319696
0.518265
0.588765
0.653017
0.520711
0.520711
0.719659
0.870700
0.974910
0.920193
0.730175
0.620998
0.411796
0.591944
0.355771
0.139101
0.218912
-0.028695
0.100055
-0.095273
-0.338231
-0.548410
-0.483082
-0.646230
-0.513408
-0.622400
-0.828381
-0.885522
-0.813834
-0.776525
-0.599598
-0.584036
-0.456466
-0.287757
-0.686282
-0.887543
-0.750272
-0.621444
-0.773705
-0.838087
-0.811740
-0.857687
-0.887579
-0.656408
-0.542280
-0.372085
-0.453481
-0.282054
-0.209826
-0.073024
0.030449
-1.045874
-1.029200
-1.002329
-0.981791
-0.814087
-1.012769
-0.968577
-0.899321
-1.044682
-1.067845
-1.176258
-1.168591
-1.215941
-1.071977
-0.967655
-0.793990
-0.646618
-0.809453
-0.646079
-0.859982
-0.660743
-0.620335
-0.835971
-0.718455
-0.664027
-0.573858
-0.607899
-0.856233
-0.893320
-1.158705
-1.206982
-1.206982
-1.177830
-1.151360
-1.173600
-1.396825
-1.421999
-1.421999
-1.442815
-1.367457
-1.578244
-1.814327
-1.905612
-1.726368
-1.900436
-2.135755
-2.252604
-2.367226
-2.131334
-2.120908
-2.272992
-2.105863
-1.980523
-2.468549
-2.236543
-2.133256
-2.424897
-2.596750
-2.313787
-2.263230
-2.336632
-2.306796
-2.392510
-2.511682
-2.757143
-2.757143
-2.884352
-1.557471
-1.146763
-1.244053
-1.184165
-0.951055
-0.683449
-0.676052
-0.660707
-0.534918
-0.755439
-0.884576
-0.686670
-0.686670
-0.844443
-0.670413
-0.539022
-0.621594
-0.459373
-0.459373
-0.491966
-0.361698
-0.408939
-0.168142
-0.168666
-0.340555
-0.207038
-0.010719
-0.073938
-0.044461
-0.129097
-0.224910
-0.393381
-0.204093
-0.176471
-0.136284
-0.277798
-0.125022
-0.186925
-0.314144
-0.079349
-0.076854
0.001530
-0.265381
0.189357
0.045117
0.022938
0.162298
0.264884
0.118853
0.198711
0.098902
0.029783
0.238843
0.055877
0.202222
-0.218626
-0.399167
-0.402467
-0.497371
-0.573201
-0.601981
-1.040285
-1.040285
-1.040285
-1.044643
-0.895997
-0.957703
-1.183483
-1.360904
-1.308971
-0.640394
-0.443195
-0.443195
-0.605763
-1.679504
-1.433867
-1.433867
-1.517121
-1.440370
-1.696880
-1.495706
-1.297687
-1.297687
-1.193902
-1.086244
-1.128997
-0.994188
-0.912466
-1.049435
-0.899962
-0.832536
-0.785913
-1.012678
-1.216110
-1.455029
-1.412011
-1.597456
-1.432478
-1.193561
-1.472470
-1.374057
-1.465395
-1.413567
-1.380693
-1.376800
-1.091942
-0.928909
-0.951092
-0.967991
-0.967991
-1.145718
-1.305445
-1.270932
-1.324928
-1.302615
-1.229235
-1.263155
-1.228499
-1.224094
-1.357754
-1.406019
-1.158571
-1.055728
-0.898473
-0.847674
-0.613009
-1.191199
-1.162017
-0.936831
-1.006418
-0.943959
-0.667965
-0.767111
-0.778500
0.309946
0.196765
0.423894
0.230294
-0.094819
-0.160800
0.086424
0.005649
-0.060958
0.009255
-0.135126
0.021719
-0.045025
0.072250
0.046920
0.294373
0.241345
0.408021
-0.121379
-0.121379
-0.218346
-0.023933
-0.272728
-0.032357
-0.100609
-0.349981
-0.315671
-0.083464
-0.262930
-0.154577
-0.396108
-0.371161
-0.254175
-0.037795
0.095964
-0.003226
0.149214
0.154985
0.372642
-0.061544
-0.382518
-0.802178
-1.512501
-1.440029
-1.522212
-1.568318
-1.466259
-1.333084
-1.090607
-0.901558
-0.907996
-0.724716
-0.697434
-0.668424
-0.700525
-0.810501
-0.769690
-0.607782
-0.529842
-0.440920
-0.432850
-0.207369
-0.396046
-0.216203
-0.430013
-0.533504
-0.504601
-0.385428
-0.245142
-0.392419
-0.482802
-0.352112
-0.552384
-0.347125
-0.290525
-0.104962
-0.118281
-0.015630
0.038990
0.147094
0.011157
0.060255
-0.072911
-0.431235
-0.471824
-0.680506
-0.897663
-0.452120
-0.645829
-0.645829
-0.511206
-0.463521
-0.486252
-0.317621
-0.219763
-0.300403
-0.348201
-0.126297
-0.348100
-0.409814
-0.562568
-0.317440
-0.087923
0.381036
0.188208
0.252204
0.252204
0.018834
0.123668
-0.014265
0.154695
-0.016992
0.311171
0.168240
0.085328
-0.146324
-0.265908
-0.293908
-0.049585
0.062853
-0.169240
-0.169240
-0.196044
-0.599637
-0.678583
-0.535528
-0.751513
-0.522553
-0.404730
-0.279268
-0.728894
-0.743695
-0.589870
-0.654546
-0.817569
-0.918117
-1.590749
-1.632269
-1.632269
-1.632269
-1.652297
-1.566083
-1.688539
-1.655075
-1.655075
-1.635890
-1.409652
-1.409652
-1.409652
-1.195736
-1.275947
-1.063290
-0.951010
-0.951010
-1.059271
-0.902223
-1.120818
-1.235474
-1.235474
-1.087958
-0.999951
-1.103867
-0.929817
-0.916529
-0.952863
-0.982157
-1.116008
-1.003840
-0.899338
-0.755744
-0.877667
-0.759715
-0.965810
-0.897379
-0.725276
-0.574594
-0.441944
-0.617589
-0.533442
-0.481628
-0.666782
-0.485513
-0.529631
-0.620206
-0.658936
-0.852312
-0.748651
-0.499821
-0.321949
-0.523985
-0.523985
-0.663899
-0.418488
-0.445931
-0.673846
-0.546474
-0.749585
-0.731657
-0.879580
-0.816425
-0.586054
-0.683359
-0.639003
-0.657406
-0.438620
-0.616416
-0.638209
-0.470357
-0.353626
-0.550449
-0.635668
-0.409922
-0.420733
-0.206290
-0.285265
-0.380652
-0.483274
-0.247846
-0.039014
-0.125052
0.121535
0.301148
0.469603
0.668015
0.905891
0.829891
1.012029
1.126356
1.269777
1.032368
0.888737
0.854579
1.079091
1.024572
1.192867
1.303829
1.149439
1.039114
0.927155
0.976405
0.816081
0.844654
0.717652
0.660792
0.882463
0.713327
0.836264
0.918049
1.166025
1.196818
1.333528
1.333528
1.333528
1.579911
1.388827
1.335114
1.353998
1.274406
1.142165
1.300466
1.119746
1.037214
1.037214
1.076879
